pd type = [
	['MURDER', 
		[[423, 49], 
		 [666, 49], 
		 [666, 124], 
		 [423, 124]
		]
	], 
	["SUSPECT'", 
		[[419, 120], 
		 [668, 120], 
		 [668, 197], 
		 [419, 197]
		]
	], 
['PLUNGES', [[421, 195], [686, 195], [686, 276], [421, 276]]], ['TO HIS', [[424, 274], [628, 274], [628, 352], [424, 352]]], ['DEATH', [[424, 356], [630, 356], [630, 434], [424, 434]]], ['Por ictor', [[426, 484], [558, 484], [558, 514], [426, 514]]], ['wielding', [[555, 481], [670, 481], [670, 526], [555, 526]]], ['samurai sword had', [[425, 517], [659, 517], [659, 553], [425, 553]]], ['bccn in cight-hour', [[423, 548], [657, 548], [657, 589], [423, 589]]], ['standoff with police:', [[423, 581], [687, 581], [687, 626], [423, 626]]], ['JorL Ruban', [[425, 639], [564, 639], [564, 667], [425, 667]]], ['AD Ruber Vivee', [[426, 666], [628, 
666], [628, 692], [426, 692]]], ['pumnattoraunhrtedef', [[478, 728], [730, 728], [730, 756], [478, 756]]]]


tuple type= [
	('MURDER', 
	 array(
		[[423,  49],
       		 [666,  49],
       		 [666, 124],
       		 [423, 124]]
		)
	), 
	("SUSPECT'", 
	 array(
		[[419, 120],
       		 [668, 120],
       		 [668, 197],
       		 [419, 197]]
		)
	), 

('PLUNGES', array([[421, 195],
       [686, 195],
       [686, 276],
       [421, 276]])), ('TO HIS', array([[424, 274],
       [628, 274],
       [628, 352],
       [424, 352]])), ('DEATH', array([[424, 356],
       [630, 356],
       [630, 434],
       [424, 434]])), ('Por ictor', array([[426, 484],
       [558, 484],
       [558, 514],
       [426, 514]])), ('wielding', array([[555, 481],
       [670, 481],
       [670, 526],
       [555, 526]])), ('samurai sword had', array([[425, 517],
       [659, 517],
       [659, 553],
       [425, 553]])), ('bccn in cight-hour', array([[423, 548],
       [657, 548],
       [657, 589],
       [423, 589]])), ('standoff with police:', array([[423, 581],
       [687, 581],
       [687, 626],
       [423, 626]])), ('JorL Ruban', array([[425, 639],
       [564, 639],
       [564, 667],
       [425, 667]])), ('AD Ruber Vivee', array([[426, 666],
       [628, 666],
       [628, 692],
       [426, 692]])), ('pumnattoraunhrtedef', array([[478, 728],
       [730, 728],
       [730, 756],
       [478, 756]]))]